datafn/docs/app/layout.tsx
  h_bdc5b81c173ee9 9
datafn/docs/public/llms-full.txt
  h_bdc5b81c173ee9 16,114,199,313,398,505,622,664,745,883,981,1174,1215,1527,1629,1675,1724,1779,2013,2161,2297,2386,2569,2704,2894,3023,3085,3293,3623,3894,4019,4148,4426,4537,5195,5382,5517,5815,6004,6116,6337,6511,6711,6854,7051,7225,7341,7501,7634,7761,7885,7963,8115,8273,8452,8634,8787,9014,9166,9369,9508,9711,9887,10151,10450,10601,10738,11024,11183,11330,11528,11690,11866,11922,12163,12318,12454,12594,12784,12841,12992,13125,13476,13595,13841,13999,14135,14197,14286,14416,14533,14627,14722,14867,15042,15179,15300,15333,15553,15688,15857,15999,16479,16741,16890,17023,17197,17421,17572,17647,17769,17894,18033,18190,18276,18380,18500,18614,18758,18925,19067,19226,19370,19492,19753,19837,19942,20054,20151,20256,20372,20479,20585,20722,20883,20991,21132,21266,21413,21580,21735,21895,22038,22189,22340,22485,22618,22736,22841,22998,23169,23350,23508,23619,23706,24030,24130,24188,24242,24392,24520,24703,24800,24937,25030,25201,25279,25416,25523,25625,25688,25719,25780,25843,26011,26208,26354,26587,26695,26824,26900,27129,27309,27427,27552,27630,27699
datafn/docs/public/llms.txt
  h_bdc5b81c173ee9 9-14,18-28,32-40,44-58,62-145,149-151,155-163,167-182,186-219
datafn/docs/scripts/generate-llms.mjs
  h_bdc5b81c173ee9 12
---
{
  "schema_version": "authorship/3.0.0",
  "git_ai_version": "1.7.5",
  "base_commit_sha": "97a650ff8ca596b111a4e8543da1dc9de80cba30",
  "prompts": {},
  "humans": {
    "h_bdc5b81c173ee9": {
      "author": "Aravind Samala <samalaaravind02@gmail.com>"
    }
  }
}